# 3

3 2.1457672119140625e-06

# 10

3 2.86102294921875e-06
4 0.13836240768432617
5 0.27730441093444824
6 0.3487527370452881
7 0.4309811592102051
8 0.4874999523162842
9 0.5337319374084473
10 0.5954036712646484

# 25

3 3.5762786865234375e-06
4 0.08703136444091797
5 0.1841261386871338
6 0.286348819732666
7 0.3884909152984619
8 0.49069643020629883
9 0.5984575748443604
10 0.6957168579101562
11 0.8132176399230957
12 0.9358556270599365
13 1.0483441352844238
14 1.175917148590088
15 1.2984774112701416
16 1.4210724830627441
17 1.528510570526123
18 1.6561195850372314
19 1.7889528274536133
20 1.9166185855865479
21 2.0139925479888916
22 2.095560073852539
23 2.1567039489746094
24 2.2330644130706787
25 2.2891385555267334

