9.1405169814639
201.6238207470119
202.11160166010146
114.03070504147382
202.12963092853724
204.19827215490068
197.40360631237758
202.14594374427313
202.94937520413225
204.90361953455294
203.62925611260098
202.38541568492226
201.93903741805713
203.1567141968924
202.54403119847976
203.11321962730446
204.7663834715865
203.7413783641474
203.9132677865669
201.2410260284223
200.70319371304302
199.9665350244715
200.83542201506503
200.19340349555725
200.10939008786602
200.4707983099573
202.14266370257724
201.12765224314606
201.98487136817937
200.93470261027898
202.6455212869782
203.56430656732576
